0.876042
0.918750
0.931250
0.929167
0.950000
0.941667
0.944792
0.941667
0.947917
0.950000
0.960417
0.959375
0.957292
0.939583
0.945833
0.959375
0.951042
0.971875
0.971875
0.957292
0.962500
0.937500
0.960417
0.972917
0.967708
0.967708
0.967708
0.963542
0.966667
0.959375
0.969792
0.965625
0.960417
0.971875
0.968750
0.971875
0.964583
0.967708
0.970833
0.961458
0.967708
0.965625
0.977083
0.961458
0.970833
0.969792
0.978125
0.961458
0.969792
0.971875
0.880208
0.889583
0.937500
0.934375
0.936458
0.936458
0.935417
0.952083
0.945833
0.967708
0.961458
0.962500
0.951042
0.961458
0.952083
0.976042
0.957292
0.958333
0.947917
0.959375
0.959375
0.946875
0.957292
0.970833
0.956250
0.965625
0.968750
0.965625
0.970833
0.964583
0.947917
0.960417
0.977083
0.965625
0.958333
0.965625
0.977083
0.977083
0.964583
0.964583
0.966667
0.965625
0.973958
0.960417
0.967708
0.964583
0.966667
0.971875
0.967708
0.962500
0.853125
0.932292
0.925000
0.945833
0.941667
0.955208
0.943750
0.956250
0.937500
0.947917
0.964583
0.964583
0.959375
0.877083
0.917708
0.929167
0.932292
0.933333
0.920833
