0.8531249761581421
0.8541666865348816
0.903124988079071
0.8989583253860474
0.8979166746139526
0.8822916746139526
0.8864583373069763
0.890625
0.8843749761581421
0.90625
0.9239583611488342
0.909375011920929
0.903124988079071
0.9010416865348816
0.9052083492279053
0.921875
0.9020833373069763
0.909375011920929
0.8989583253860474
0.8916666507720947
0.925000011920929
0.918749988079071
0.9229166507720947
0.9052083492279053
0.9302083253860474
0.8947916626930237
0.8979166746139526
0.9197916388511658
0.9072916507720947
0.9114583134651184
0.9052083492279053
0.9156249761581421
0.9010416865348816
0.9166666865348816
0.9010416865348816
0.9052083492279053
0.9270833134651184
0.9052083492279053
0.8958333134651184
0.9041666388511658
0.9041666388511658
0.9010416865348816
0.9166666865348816
0.8958333134651184
0.8791666626930237
0.9072916507720947
0.9260416626930237
0.8958333134651184
0.903124988079071
0.9010416865348816
0.9239583611488342
0.9114583134651184
0.9104166626930237
0.9104166626930237
0.9010416865348816
0.9104166626930237
0.9010416865348816
0.9052083492279053
0.9239583611488342
0.909375011920929
0.9125000238418579
0.903124988079071
0.9135416746139526
0.9072916507720947
0.903124988079071
0.9135416746139526
0.9020833373069763
0.9072916507720947
0.9010416865348816
0.9041666388511658
0.9114583134651184
0.9052083492279053
0.9020833373069763
0.9041666388511658
0.9083333611488342
0.9166666865348816
0.8979166746139526
0.9260416626930237
0.9020833373069763
0.918749988079071
0.9135416746139526
0.9156249761581421
0.9020833373069763