3.384855
3.379622
3.371681
3.300081
2.300201
2.372579
2.267934
2.227432
2.180902
2.224733
2.210938
2.174243
2.179499
2.166487
2.207337
2.199116
2.149257
2.160714
2.162802
2.272863
2.156585
2.147813
2.131024
2.171362
2.153168
2.118722
2.157603
2.127031
2.109604
2.113165
2.108965
2.107381
2.109678
2.109440
2.092685
2.101795
2.080608
2.300919
2.121079
2.145415
2.133447
2.139571
2.116700
2.067947
2.067667
2.149630
2.061524
2.051388
2.058991
2.069778
2.031647
2.063932
2.163846
2.181798
2.015963
2.011731
2.033741
2.007258
1.993378
2.019138
2.024389
2.109437
2.114866
1.973208
1.978691
1.970533
2.013628
2.047843
2.008072
1.934273
2.005474
1.935425
1.906540
1.975200
1.886880
2.051101
1.869710
1.868394
1.848034
1.886752
1.893424
1.818864
1.804736
1.833888
1.803587
1.882778
1.791676
1.763026
1.765553
1.754726
1.756654
1.747846
1.796922
1.745634
1.869791
1.743974
1.765835
1.767305
1.746989
1.738526
1.815296
1.752675
1.772868
1.738304
1.737377
1.779027
1.735885
1.802562
1.739020
1.742274
1.822215
1.796038
1.784923
1.773407
1.755119
1.739495
1.757106
1.744947
1.800607
1.736154
1.773776
1.817712
1.769657
1.734566
1.754173
1.738076
1.763501
1.743038
1.742140
1.773237
1.759417
1.800105
1.734596
1.773006
1.744602
1.735741
1.742077
1.753509
1.774480
1.758799
1.774626
1.747831
1.744636
1.764825
1.737970
1.750512
1.747675
1.742474
1.744292
1.743798
1.773751
1.759493
1.737705
1.770890
1.746887
1.740017
1.746821
1.744133
1.741053
1.748073
1.744223
1.764073
1.737182
1.763861
1.758639
1.738243
1.741992
1.743157
1.737437
1.948733
1.736595
1.743786
1.741884
1.735310
1.744201
1.756378
1.760072
1.736425
1.867437
1.733995
1.755585
1.745527
1.751603
1.742288
1.733177
1.740060
1.747902
1.796411
1.772477
1.769946
1.836021
1.738959
1.752225
1.753544
1.740905
1.787095
1.748955
1.750439
1.747336
1.733786
