3.455690
3.425139
3.389763
3.400603
3.419318
3.386764
3.371638
3.369424
3.358206
3.273914
3.199234
3.084162
2.429722
2.278563
2.282316
2.192398
2.860409
2.210716
2.206334
2.360770
2.231260
2.381360
2.190686
2.214226
2.194069
2.244473
2.188411
2.234313
2.200254
2.229414
2.238891
2.203261
2.202142
2.182146
2.209474
2.167267
2.168183
2.230281
2.179266
2.190457
2.186422
2.176507
2.178146
2.234506
2.214677
2.157274
2.318544
2.155268
2.191498
2.183155
2.245018
2.197277
2.158249
2.187988
2.148302
2.167924
2.256146
2.156456
2.162078
2.168848
2.366681
2.165950
2.203400
2.149564
2.219749
2.168923
2.223704
2.124959
2.155347
2.155874
2.151114
2.217442
2.142511
2.178807
2.124958
2.128644
2.157452
2.234455
2.126587
2.145258
2.160429
2.124657
2.122991
2.194112
2.203449
2.144499
2.125594
2.133319
2.157160
2.112677
2.128320
2.114626
2.157985
2.190033
2.150206
2.132546
2.202702
2.099519
2.154850
2.218413
